0.000000
0.000000
0.000000
0.000000
0.000000
0.000000
0.000000
0.000000
0.000000
0.000000
0.000000
0.000000
3.469999
3.640000
3.430000
3.360000
3.380000
3.470000
3.500000
3.790000
3.360000
3.570000
4.110000
3.430000
3.710000
3.640000
3.370000
3.510000
3.460000
3.480000
3.510000
3.490000
3.640000
3.920000
4.470000
5.090000
5.930000
7.430000
9.240000
13.180000
14.690000
17.720000
20.440000
20.880000
20.910000
21.360000
20.760000
21.500000
22.180000
25.900000
34.830000
46.290000
55.920000
59.470000
64.360000
66.630000
68.070000
68.930000
67.260000
65.960000
67.180000
69.260000
69.300000
70.070000
68.240000
68.350000
66.670000
66.980000
66.860000
67.730000
65.610000
67.020000
66.570000
67.090000
67.030000
66.100000
62.060000
55.340000
51.070000
50.180000
55.050000
66.960000
74.950000
91.300000
97.530000
112.030000
122.480000
136.840000
144.580000
147.580000
135.170000
122.610000
111.740000
110.070000
109.670000
113.780000
120.740000
120.430000
124.260000
124.020000
